2*1.64*sA./mAp

ans =

  Columns 1 through 15

    0.9360    0.6582    0.5420    0.4442    0.3874    0.3654    0.4369    0.3319    0.3160    0.2492    0.2777    0.3052    0.2817    0.2348    0.2087

  Columns 16 through 30

    0.2595    0.2103    0.2636    0.2285    0.2122    0.2060    0.2067    0.1925    0.1965    0.1887    0.1945    0.2002    0.1822    0.1665    0.1715

  Columns 31 through 45

    0.1759    0.1618    0.1751    0.1535    0.1604    0.1510    0.1589    0.1559    0.1335    0.1541    0.1412    0.1349    0.1347    0.1289    0.1389

  Columns 46 through 60

    0.1271    0.1390    0.1454    0.1393    0.1132    0.1218    0.1358    0.1503    0.1217    0.1229    0.1322    0.1235    0.1439    0.1031    0.1025

  Columns 61 through 75

    0.1186    0.1436    0.1177    0.1122    0.1284    0.1121    0.1126    0.1372    0.1159    0.1342    0.0975    0.1160    0.1196    0.1258    0.1347

  Columns 76 through 90

    0.1180    0.1229    0.1133    0.0994    0.1008    0.1013    0.1117    0.0954    0.1010    0.0982    0.1060    0.1122    0.0951    0.1095    0.0932

  Columns 91 through 100

    0.1119    0.0958    0.0994    0.1137    0.0977    0.0920    0.0849    0.0840    0.0930    0.0886

2*1.64*sA'./mAp

ans =

    0.9360
    0.6582
    0.5420
    0.4442
    0.3874
    0.3654
    0.4369
    0.3319
    0.3160
    0.2492
    0.2777
    0.3052
    0.2817
    0.2348
    0.2087
    0.2595
    0.2103
    0.2636
    0.2285
    0.2122
    0.2060
    0.2067
    0.1925
    0.1965
    0.1887
    0.1945
    0.2002
    0.1822
    0.1665
    0.1715
    0.1759
    0.1618
    0.1751
    0.1535
    0.1604
    0.1510
    0.1589
    0.1559
    0.1335
    0.1541
    0.1412
    0.1349
    0.1347
    0.1289
    0.1389
    0.1271
    0.1390
    0.1454
    0.1393
    0.1132
    0.1218
    0.1358
    0.1503
    0.1217
    0.1229
    0.1322
    0.1235
    0.1439
    0.1031
    0.1025
    0.1186
    0.1436
    0.1177
    0.1122
    0.1284
    0.1121
    0.1126
    0.1372
    0.1159
    0.1342
    0.0975
    0.1160
    0.1196
    0.1258
    0.1347
    0.1180
    0.1229
    0.1133
    0.0994
    0.1008
    0.1013
    0.1117
    0.0954
    0.1010
    0.0982
    0.1060
    0.1122
    0.0951
    0.1095
    0.0932
    0.1119
    0.0958
    0.0994
    0.1137
    0.0977
    0.0920
    0.0849
    0.0840
    0.0930
    0.0886

IdleTimeout has been reached.
Parallel pool using the 'local' profile is shutting down.
clc
n = 10

n =

    10

n=10

n =

    10

tk=(2*(0:n.1)+1)/(2*n)
 tk=(2*(0:n.1)+1)/(2*n)
           
{Error: Invalid expression. Check for missing multiplication operator, missing or unbalanced delimiters, or other syntax error. To construct matrices, use
brackets instead of parentheses.
} 
tk=(2*(0:n-1)+1)/(2*n)

tk =

    0.0500    0.1500    0.2500    0.3500    0.4500    0.5500    0.6500    0.7500    0.8500    0.9500

format('RAT')
tk

tk =

       1/20           3/20           1/4            7/20           9/20          11/20          13/20           3/4           17/20          19/20    

sum(cos(tk*pi))

ans =

      -1/3002399751580331

format('long'); sum(cos(tk*pi))

ans =

    -3.330669073875470e-16

r=2; format('RAT'); r*tk

ans =

       1/10           3/10           1/2            7/10           9/10          11/10          13/10           3/2           17/10          19/10    

format('long'); sum(cos(tk*pi))

ans =

    -3.330669073875470e-16

r=3; format('RAT'); r*tk

ans =

       3/20           9/20           3/4           21/20          27/20          33/20          39/20           9/4           51/20          57/20    

format('long'); sum(cos(tk*pi))

ans =

    -3.330669073875470e-16

